0718030001000300
0718090001000000
0718000001000000
0718030008002e07
0718030108002e07
0718030208002e07
0718030308002e07
0718030408002e07
0718030508002e07
0718030608002e07
0718030708000007
0718090008000007
0718000008000000
0718030010002e07
0718030110000007
0718030210000007
0718030310003807
0718030410000807
0718030510006c07
071803061000f207
0718030710000207
0718090010000007
0718000010000000
0718030018001807
0718030118000f07
0718030218000607
0718030318000007
0718030418009b07
0718030518005407
0718030618000107
0718030718000007
0718090018000007
0718000018000000
0718030020000007
0718030120000f07
0718030220000f07
0718030320000f07
0718030420000f07
0718030520000007
0718030620000f07
0718030720000007
0718090020000007
0718000020000000
0718030028000007
0718030128000f07
0718030228000707
0718030328000b07
0718030428000007
0718030528000007
0718030628000f07
0718030728000707
0718090028000007
0718000028000000
0718030030000f07
0718030130000707
0718030230000707
0718030330003007
0718030430000007
0718030530000007
0718030630000007
0718030730000007
0718090030000007
0718000030000000
0718030038000007
0718030138000007
0718030238000f07
0718030338000007
0718030438000007
0718030538000007
0718030638000007
0718030738004007
0718090038000007
0718000038000000
0718030040000007
0718030140000007
0718030240000007
071803034000fc07
0718030440002007
0718030540002007
0718030640002007
0718030740002007
0718090040000007
0718000040000000
0718030048002007
0718030148002007
0718030248002007
0718030348000007
0718030448002007
0718030548000007
0718030648000007
0718030748000e07
0718090048000007
0718000048000000
0718030050002e07
0718030150002e07
0718030250002e07
0718030350002e07
0718030450002e07
0718030550002e07
0718030650002e07
0718030750000007
0718090050000007
0718000050000000
0718030058002e07
0718030158000007
0718030258000007
0718030358000e07
0718030458000007
0718030558000007
0718030658000007
0718030758000007
0718090058000007
0718000058000000
0718030060002e07
0718030160002e07
0718030260002e07
0718030360002e07
0718030460002e07
0718030560002e07
0718030660002e07
0718030760000007
0718090060000007
0718000060000000
0718030068002e07
0718030168000007
0718030268000007
0718030368000e07
0718030468000007
0718030568000007
0718030668000007
0718030768000007
0718090068000007
0718000068000000
0718030076000000
0718000076000000
0718050076000000
0718000000000000
0718030070000007
0718030170000007
0718030270000007
0718030370000007
0718030470000007
0718030570000007
0718030670001007
0718030770000007
0718090070000007
0718000070000000
0718030078000007
0718030178000007
0718030278000007
0718030378000007
0718030478000007
0718030578000007
0718030678000007
0718030778000007
0718090078000007
0718000078000000
07180300a0000107
07180301a0000107
07180302a0000707
07180303a0000007
07180304a0000007
07180305a0000007
07180306a0000407
07180307a0000007
07180900a0000007
07180000a0000000
07180300a8000007
07180301a8000007
07180302a8000107
07180303a8000107
07180304a8000607
07180305a8000007
07180306a8000007
07180307a8000807
07180900a8000007
07180000a8000000
07180300b0000407
07180301b0000007
07180302b0000007
07180303b0000007
07180304b0000107
07180305b0000107
07180306b000e507
07180307b0000007
07180900b0000007
07180000b0000000
07180300b8000007
07180301b8001007
07180302b8000407
07180303b8000007
07180304b8000007
07180305b8000007
07180306b8000107
07180307b8000107
07180900b8000007
07180000b8000000
07180300c0000b07
07180301c0000007
07180302c0000007
07180303c0001807
07180304c0000407
07180305c0000007
07180306c0000007
07180307c0000007
07180900c0000007
07180000c0000000
07180300c8000107
07180301c8000107
07180302c8000a07
07180303c8000007
07180304c8000007
07180305c8002007
07180306c8000407
07180307c8000007
07180900c8000007
07180000c8000000
07180300d0000007
07180301d0000007
07180302d0000107
07180303d0000107
07180304d0000907
07180305d0000007
07180306d0000007
07180307d0002807
07180900d0000007
07180000d0000000
07180300d8000407
07180301d8000007
07180302d8000007
07180303d8000007
07180304d8000107
07180305d8000107
07180306d8000407
07180307d8000007
07180900d8000007
07180000d8000000
07180300e0000007
07180301e0003007
07180302e0000407
07180303e0000007
07180304e0000007
07180305e0000007
07180306e0000007
07180307e0000007
07180900e0000007
07180000e0000000
07180300e8000007
07180301e8000007
07180302e8000007
07180303e8000007
07180304e8000007
07180305e8000007
07180306e8000007
07180307e8000007
07180900e8000007
07180000e8000000
07180300f0000107
07180301f0000107
07180302f0000807
07180303f0000007
07180304f0000007
07180305f0003807
07180306f0000407
07180307f0000007
07180900f0000007
07180000f0000000
07180300f8000007
07180301f8000007
07180302f8000007
07180303f8000007
07180304f8000007
07180305f8000007
07180306f8000007
07180307f8000007
07180900f8000007
07180000f8000000
0718030000010007
0718030100010007
0718030200010007
0718030300010007
0718030400010007
0718030500010007
0718030600010007
0718030700010007
0718090000010007
0718000000010000
0718030008010007
0718030108010007
0718030208010007
0718030308010007
0718030408010007
0718030508010007
0718030608010007
0718030708010007
0718090008010007
0718000008010000
0718030010010007
0718030110010007
0718030210010007
0718030310010007
0718030410010007
0718030510010007
0718030610010007
0718030710010007
0718090010010007
0718000010010000
0718030018010007
0718030118010007
0718030218010007
0718030318010007
0718030418010007
0718030518010007
0718030618010007
0718030718010007
0718090018010007
0718000018010000
0718030020010007
0718030120010007
0718030220010007
0718030320010007
0718030420010007
0718030520010007
0718030620010007
0718030720010007
0718090020010007
0718000020010000
0718030028010007
0718030128010007
0718030228010007
0718030328010007
0718030428010007
0718030528010007
0718030628010007
0718030728010007
0718090028010007
0718000028010000
0718030030010007
0718030130010007
0718030230010007
0718030330010007
0718030430010007
0718030530010007
0718030630010007
0718030730010007
0718090030010007
0718000030010000
0718030038010007
0718030138010007
0718030238010007
0718030338010007
0718030438010007
0718030538010007
0718030638010007
0718030738010007
0718090038010007
0718000038010000
0718030040010007
0718030140010007
0718030240010007
0718030340010007
0718030440010007
0718030540010007
0718030640010007
0718030740010007
0718090040010007
0718000040010000
0718030048010007
0718030148010007
0718030248010007
0718030348010007
0718030448010007
0718030548010007
0718030648010007
0718030748010007
0718090048010007
0718000048010000
0718030050010007
0718030150010007
0718030250010007
0718030350010007
0718030450010007
0718030550010007
0718030650010007
0718030750010007
0718090050010007
0718000050010000
0718030058010007
0718030158010007
0718030258010007
0718030358010007
0718030458010007
0718030558010007
0718030658010007
0718030758010007
0718090058010007
0718000058010000
0718030060010007
0718030160010007
0718030260010007
0718030360010007
0718030460010007
0718030560010007
0718030660010007
0718030760010007
0718090060010007
0718000060010000
0718030068010007
0718030168010007
0718030268010007
0718030368010007
0718030468010007
0718030568010007
0718030668010007
0718030768010007
0718090068010007
0718000068010000
0718030070010007
0718030170010007
0718030270010007
0718030370010007
0718030470010007
0718030570010007
0718030670010007
0718030770010007
0718090070010007
0718000070010000
0718030078010007
0718030178010007
0718030278010007
0718030378010007
0718030478010007
0718030578010007
0718030678010007
0718030778010007
0718090078010007
0718000078010000
0718030080010007
0718030180010007
0718030280010007
0718030380010007
0718030480010007
0718030580010007
0718030680010007
0718030780010007
0718090080010007
0718000080010000
0718030088010007
0718030188010007
0718030288010007
0718030388010007
0718030488010007
0718030588010007
0718030688010007
0718030788010007
0718090088010007
0718000088010000
0718030090010007
0718030190010007
0718030290010007
0718030390010007
0718030490010007
0718030590010007
0718030690010007
0718030790010007
0718090090010007
0718000090010000
0718030098010007
0718030198010007
0718030298010007
0718030398010007
0718030498010007
0718030598010007
0718030698010007
0718030798010007
0718090098010007
0718000098010000
07180300a0010007
07180301a0010007
07180302a0010007
07180303a0010007
07180304a0010007
07180305a0010007
07180306a0010007
07180307a0010007
07180900a0010007
07180000a0010000
07180300a8010007
07180301a8010007
07180302a8010007
07180303a8010007
07180304a8010007
07180305a8010007
07180306a8010007
07180307a8010007
07180900a8010007
07180000a8010000
07180300b0010007
07180301b0010007
07180302b0010007
07180303b0010007
07180304b0010007
07180305b0010007
07180306b0010007
07180307b0010007
07180900b0010007
07180000b0010000
07180300b8010107
07180301b8010107
07180302b8012107
07180303b8010007
07180304b8010007
07180305b8014007
07180306b8010407
07180307b8010007
07180900b8010007
07180000b8010000
07180300c0010007
07180301c0010007
07180302c0010107
07180303c0010107
07180304c0012007
07180305c0010007
07180306c0010007
07180307c0014807
07180900c0010007
07180000c0010000
07180300c8010407
07180301c8010007
07180302c8010007
07180303c8010007
07180304c8010107
07180305c8010107
07180306c8011f07
07180307c8010007
07180900c8010007
07180000c8010000
07180300d0010007
07180301d0015007
07180302d0010407
07180303d0010007
07180304d0010007
07180305d0010007
07180306d0010107
07180307d0010107
07180900d0010007
07180000d0010000
07180300d8012507
07180301d8010007
07180302d8010007
07180303d8015807
07180304d8010407
07180305d8010007
07180306d8010007
07180307d8010007
07180900d8010007
07180000d8010000
07180300e0010107
07180301e0010107
07180302e0012407
07180303e0010007
07180304e0010007
07180305e0016007
07180306e0010407
07180307e0010007
07180900e0010007
07180000e0010000
07180300e8010007
07180301e8010007
07180302e8010107
07180303e8010107
07180304e8012307
07180305e8010007
07180306e8010007
07180307e8016807
07180900e8010007
07180000e8010000
07180300f0010407
07180301f0010007
07180302f0010007
07180303f0010007
07180304f0010107
07180305f0010107
07180306f0011e07
07180307f0010007
07180900f0010007
07180000f0010000
07180300f8010007
07180301f8017007
07180302f8010407
07180303f8010007
07180304f8010007
07180305f8010007
07180306f8010007
07180307f8010007
07180900f8010007
07180000f8010000
0718030000020007
0718030100020007
0718030200020007
0718030300020007
0718030400020007
0718030500020007
0718030600020007
0718030700020007
0718090000020007
0718000000020000
0718030008020107
0718030108020107
0718030208022207
0718030308020007
0718030408020007
0718030508027807
0718030608020407
0718030708020007
0718090008020007
0718000008020000
0718030010020007
0718030110020007
0718030210020007
0718030310020007
0718030410020007
0718030510020007
0718030610020007
0718030710020007
0718090010020007
0718000010020000
0718030018020007
0718030118020007
0718030218020007
0718030318020007
0718030418020007
0718030518020007
0718030618020007
0718030718020007
0718090018020007
0718000018020000
0718030020020007
0718030120020007
0718030220020007
0718030320020007
0718030420020007
0718030520020007
0718030620020107
0718030720020007
0718090020020007
0718000020020000
0718030028020007
0718030128020007
0718030228020007
0718030328020007
0718030428020007
0718030528020007
0718030628020007
0718030728020007
0718090028020007
0718000028020000
0718030030020107
0718030130020007
0718030230020007
0718030330020007
0718030430020007
0718030530020007
0718030630020007
0718030730020007
0718090030020007
0718000030020000
0718030038020007
0718030138020007
0718030238020107
0718030338020007
0718030438020007
0718030538020007
0718030638020007
0718030738020007
0718090038020007
0718000038020000
0718030040020007
0718030140020007
0718030240020007
0718030340020007
0718030440020107
0718030540020107
0718030640022107
0718030740020007
0718090040020007
0718000040020000
0718030048020007
0718030148028007
0718030248020407
0718030348020007
0718030448020007
0718030548020007
0718030648020107
0718030748020107
0718090048020007
0718000048020000
0718030050022007
0718030150020007
0718030250020007
0718030350028807
0718030450020407
0718030550020007
0718030650020007
0718030750020007
0718090050020007
0718000050020000
0718030058020107
0718030158020107
0718030258021f07
0718030358020007
0718030458020007
0718030558029007
0718030658020407
0718030758020007
0718090058020007
0718000058020000
0718030060020007
0718030160020007
0718030260020107
0718030360020107
0718030460022507
0718030560020007
0718030660020007
0718030760029807
0718090060020007
0718000060020000
0718030068020407
0718030168020007
0718030268020007
0718030368020007
0718030468020107
0718030568020107
0718030668022407
0718030768020007
0718090068020007
0718000068020000
0718030070020007
071803017002a007
0718030270020407
0718030370020007
0718030470020007
0718030570020007
0718030670020107
0718030770020107
0718090070020007
0718000070020000
0718030078022307
0718030178020007
0718030278020007
071803037802a807
0718030478020407
0718030578020007
0718030678020007
0718030778020007
0718090078020007
0718000078020000
0718030080020107
0718030180020107
0718030280021e07
0718030380020007
0718030480020007
071803058002b007
0718030680020407
0718030780020007
0718090080020007
0718000080020000
0718030088020007
0718030188020007
0718030288020007
0718030388020007
0718030488020007
0718030588020007
0718030688020007
0718030788020007
0718090088020007
0718000088020000
0718030090020007
0718030190020007
0718030290020007
0718030390020007
0718030490020107
0718030590020107
0718030690022207
0718030790020007
0718090090020007
0718000090020000
0718030098020007
071803019802b807
0718030298020407
0718030398020007
0718030498020007
0718030598020007
0718030698020007
0718030798020007
0718090098020007
0718000098020000
07180300a0020007
07180301a0020007
07180302a0020007
07180303a0020007
07180304a0020007
07180305a0020007
07180306a0020007
07180307a0020007
07180900a0020007
07180000a0020000
07180300a8020007
07180301a8020007
07180302a8020007
07180303a8020007
07180304a8020007
07180305a8020007
07180306a8020007
07180307a8020007
07180900a8020007
07180000a8020000
07180300b0020007
07180301b0020007
07180302b0020107
07180303b0020007
07180304b0020707
07180305b0020007
07180306b0020007
07180307b0020007
07180900b0020007
07180000b0020000
07180300b8020007
07180301b8020007
07180302b8020007
07180303b8020007
07180304b8020107
07180305b8020007
07180306b8020a07
07180307b8020007
07180900b8020007
07180000b8020000
07180300c0020007
07180301c0020007
07180302c0020007
07180303c0020007
07180304c0020007
07180305c0020007
07180306c0020107
07180307c0020007
07180900c0020007
07180000c0020000
07180300c8020807
07180301c8020007
07180302c8020007
07180303c8020007
07180304c8020007
07180305c8020007
07180306c8020007
07180307c8020007
07180900c8020007
07180000c8020000
0718030000040107
0718030100040007
0718030200048007
0718030300040707
0718030400040007
0718030500040007
0718030600040007
0718030700040007
0718090000040007
0718000000040000
0718030008040107
0718030108040007
0718030208048007
0718030308040607
0718030408040007
0718030508040007
0718030608040007
0718030708040007
0718090008040007
0718000008040000
0718030010040107
0718030110040007
0718030210048007
071803031004e507
0718030410040007
0718030510040007
0718030610040007
0718030710040007
0718090010040007
0718000010040000
0718030018040107
0718030118040007
0718030218048007
0718030318040b07
0718030418040007
0718030518040007
0718030618040007
0718030718040007
0718090018040007
0718000018040000
0718030020040107
0718030120040007
0718030220048007
0718030320040a07
0718030420040007
0718030520040007
0718030620040007
0718030720040007
0718090020040007
0718000020040000
0718030028040107
0718030128040007
0718030228048007
0718030328040907
0718030428040007
0718030528040007
0718030628040007
0718030728040007
0718090028040007
0718000028040000
0718030030040107
0718030130040007
0718030230048007
0718030330040407
0718030430040007
0718030530040007
0718030630040007
0718030730040007
0718090030040007
0718000030040000
0718030038040107
0718030138040007
0718030238048007
0718030338040807
0718030438040007
0718030538040007
0718030638040007
0718030738040007
0718090038040007
0718000038040000
0718030040040107
0718030140040007
0718030240048007
0718030340042107
0718030440040007
0718030540040007
0718030640040007
0718030740040007
0718090040040007
0718000040040000
0718030048040107
0718030148040007
0718030248048007
0718030348042007
0718030448040007
0718030548040007
0718030648040007
0718030748040007
0718090048040007
0718000048040000
0718030050040107
0718030150040007
0718030250048007
0718030350041f07
0718030450040007
0718030550040007
0718030650040007
0718030750040007
0718090050040007
0718000050040000
0718030058040107
0718030158040007
0718030258048007
0718030358042507
0718030458040007
0718030558040007
0718030658040007
0718030758040007
0718090058040007
0718000058040000
0718030060040107
0718030160040007
0718030260048007
0718030360042407
0718030460040007
0718030560040007
0718030660040007
0718030760040007
0718090060040007
0718000060040000
0718030068040107
0718030168040007
0718030268048007
0718030368042307
0718030468040007
0718030568040007
0718030668040007
0718030768040007
0718090068040007
0718000068040000
0718030070040107
0718030170040007
0718030270048007
0718030370041e07
0718030470040007
0718030570040007
0718030670040007
0718030770040007
0718090070040007
0718000070040000
0718030078040107
0718030178040007
0718030278048007
0718030378042207
0718030478040007
0718030578040007
0718030678040007
0718030778040007
0718090078040007
0718000078040000
0718030080040107
0718030180040007
0718030280048007
0718030380042107
0718030480040007
0718030580040007
0718030680040007
0718030780040007
0718090080040007
0718000080040000
0718030088040107
0718030188040007
0718030288048007
0718030388042007
0718030488040007
0718030588040007
0718030688040007
0718030788040007
0718090088040007
0718000088040000
0718030090040107
0718030190040007
0718030290048007
0718030390040807
0718030490040007
0718030590040007
0718030690040007
0718030790040007
0718090090040007
0718000090040000
0718030098040107
0718030198040007
0718030298048007
0718030398040007
0718030498040007
0718030598040007
0718030698040007
0718030798040007
0718090098040007
0718000098040000
07180300a0040107
07180301a0040007
07180302a0048007
07180303a0042407
07180304a0040007
07180305a0040007
07180306a0040007
07180307a0040007
07180900a0040007
07180000a0040000
07180300a8040107
07180301a8040007
07180302a8048007
07180303a8042307
07180304a8040007
07180305a8040007
07180306a8040007
07180307a8040007
07180900a8040007
07180000a8040000
07180300b0040107
07180301b0040007
07180302b0048007
07180303b0041e07
07180304b0040007
07180305b0040007
07180306b0040007
07180307b0040007
07180900b0040007
07180000b0040000
07180300b8040107
07180301b8040007
07180302b8048007
07180303b8042207
07180304b8040007
07180305b8040007
07180306b8040007
07180307b8040007
07180900b8040007
07180000b8040000
0718100000000000
0718000000000000
0720000000000000
